B_time0 = -0.08709297918195012
B_time_inc = -0.6561625314540138
B_time_full = -0.1103483725113061
B_time_flex = 0.12111751977133607
B_wait0 = -0.22564711536572923
B_wait_inc = -1.1014601289971913
B_wait_full = -0.19125714001953967
B_wait_flex = 0.2805252069090147
ASC_1 = -0.03353014579722087
