ASC_0 = 0.8858282305474747
B_time_0 = -1.8452149566579088
B_headway_0 = -0.4938349233098345
ASC_1 = 0.8571539960124626
B_time_1 = -1.5227817803589252
B_headway_1 = -1.1347844958264406
B_seats_1 = 0.026867369040909153
B_time_2 = -0.9987339673138729
