B_time0_0 = -0.09875963836159257
B_time_inc = -0.4978695752476434
B_time_full = -0.10031677296094174
B_time_flex = 0.04998757406402347
B_time_inc_full = -0.2077093994953583
B_time_inc_flex = 0.0497264008478439
B_time_full_flex = 0.10123236041567725
B_wait0_0 = -0.1790444298480204
B_wait_inc = -0.9141363871902909
B_wait_full = -0.32557850131533206
B_wait_flex = 0.0951216433157356
B_wait_inc_full = -0.17424462724399037
B_wait_inc_flex = 0.057508048682556594
B_wait_full_flex = 0.3195698421037102
ASC_1 = -0.05431168637622565
