B_time0_0 = -0.08750377641748856
B_time_inc = -0.6582390579513383
B_time_full = -0.10699060164561262
B_time_flex = 0.12047421458007199
B_wait0_0 = -0.21876860295270487
B_wait_inc = -1.0334676979366613
B_wait_full = -0.23373988650687672
B_wait_flex = 0.2833838728313683
ASC_1 = -0.1358393842679792
