B_time0_0 = -0.09641720317607738
B_time_inc = -0.51759951588167
B_time_full = -0.10013609397618377
B_time_flex = 0.050061511140105645
B_time_inc_full = -0.1897334952476974
B_time_inc_flex = 0.05546602279136156
B_time_full_flex = 0.09792487142886205
B_wait0_0 = -0.18766628182895984
B_wait_inc = -0.8631433987215466
B_wait_full = -0.29757122458543395
B_wait_flex = 0.10436731551937165
B_wait_inc_full = -0.2562828028090876
B_wait_inc_flex = 0.09691424331603937
B_wait_full_flex = 0.2801279732686681
ASC_1 = -0.13260601823845863
